0.  10000 01000 00100 00010 00001 
1.  00001 10000 01000 00100 00011
2.  00011 00001 10000 01000 00111
3.  00111 00011 00001 10000 01111
4.  01111 00111 00011 00001 11111
5.  11111 01111 00111 00011 11110
6.  11110 11111 01111 00111 11101
7.  11101 11110 11111 01111 11010
8.  11010 11101 11110 11111 10101
9.  10101 11010 11101 11110 01010
10. 01010 10101 11010 11101 10100
11. 10100 01010 10101 11010 01001
12. 01001 10100 01010 10101 10011 
13. 10011 01001 10100 01010 00110
14. 00110 10011 01001 10100 01100
15. 01100 00110 10011 01001 11000
16. 11000 01100 00110 10011 10001
17. 10001 11000 01100 00110 00010
18. 00010 10001 11000 01100 00100
19. 00100 00010 10001 11000 01000
20. 01000 00100 00010 10001 10000
21. 10000 01000 00100 00010 00001